10,214
10,304
106,3
10,282
106,2
106,1
10,180
106,0
105,3
10,262
105,2
105,1
10,28
105,0
104,5
104,4
104,3
10,98
104,2
104,1
10,212
104,0
103,3
103,2
103,1
103,0
102,3
102,2
102,1
11,10
102,0
101,3
11,4
101,2
101,1
11,26
101,0
100,3
11,16
100,2
100,1
11,23
100,0
99,3
11,2
99,2
99,1
11,3
99,0
98,3
98,2
98,1
9,4
9,6
98,0
97,3
97,2
97,1
8,5
8,10
8,17
0,503
97,0
96,3
96,2
96,1
96,0
95,3
95,2
95,1
12,2
95,0
94,5
94,4
94,3
94,2
94,1
94,0
93,3
93,2
93,1
93,0
92,3
92,2
92,1
92,0
91,3
91,2
91,1
91,0
90,3
90,2
90,1
90,0
89,3
89,1
88,3
88,1
87,3
87,1
20,3
20,2
20,1
19,3
19,2
19,1
12,1
12,3
11,17
11,8
11,7
11,1
11,6
10,309
